1.00 - 24.99 1 1 1 1 1 1 12
25.00 - 74.99 46 46 46 46 46 46 46
75.00 - 124.99 92 92 92 92 92 92 92
125.00 - 174.99 139 139 139 139 139 139 139
175.00 - 224.99 185 185 185 185 185 185 184
225.00 - 274.99 231 231 231 231 231 231 228
275.00 - 324.99 277 277 277 277 277 277 273
325.00 - 374.99 323 323 323 323 323 323 317
375.00 - 424.99 368 369 369 369 369 369 361
425.00 - 474.99 412 416 416 416 416 416 405
475.00 - 524.99 457 462 462 462 462 462 450
525.00 - 574.99 501 508 508 508 508 508 494
575.00 - 624.99 545 552 554 554 554 554 538
625.00 - 674.99 589 596 600 600 600 600 583
675.00 - 724.99 634 641 646 646 646 646 627
725.00 - 774.99 678 685 692 693 693 693 671
775.00 - 824.99 722 729 736 739 739 739 716
825.00 - 874.99 767 773 780 785 785 785 760
875.00 - 924.99 811 818 825 831 831 831 801
925.00 - 974.99 855 862 869 876 877 877 840
975.00 - 1024.99 900 906 913 920 927 934 879
1025.00 - 1074.99 944 951 957 964 971 978 919
1075.00 - 1124.99 988 995 1002 1009 1015 1022 958
1125.00 - 1174.99 1032 1039 1046 1053 1060 1066 997
1175.00 - 1224.99 1077 1084 1090 1097 1104 1111 1037
1225.00 - 1274.99 1117 1128 1135 1141 1148 1155 1076
1275.00 - 1324.99 1156 1172 1179 1186 1193 1199 1115
1325.00 - 1374.99 1195 1216 1223 1230 1237 1244 1155
1375.00 - 1424.99 1234 1261 1268 1274 1281 1288 1194
1425.00 - 1474.99 1274 1305 1312 1319 1325 1332 1233
1475.00 - 1524.99 1313 1349 1356 1363 1370 1377 1272
1525.00 - 1574.99 1352 1393 1400 1407 1414 1421 1312
1575.00 - 1624.99 1392 1432 1445 1452 1458 1465 1351
1625.00 - 1674.99 1431 1471 1489 1496 1503 1509 1390
1675.00 - 1724.99 1470 1511 1533 1540 1547 1554 1427
1725.00 - 1774.99 1510 1550 1578 1584 1591 1598 1464
1775.00 - 1824.99 1549 1589 1622 1629 1636 1642 1500
1825.00 - 1874.99 1588 1629 1666 1673 1680 1687 1537
1875.00 - 1924.99 1627 1668 1709 1717 1724 1731 1574
1925.00 - 1974.99 1667 1707 1748 1762 1768 1775 1611
1975.00 - 2024.99 1705 1747 1787 1806 1813 1820 1648
2025.00 - 2074.99 1742 1786 1826 1850 1857 1864 1684
2075.00 - 2124.99 1779 1825 1866 1895 1901 1908 1721
2125.00 - 2174.99 1816 1864 1905 1939 1946 1952 1758
2175.00 - 2224.99 1852 1904 1944 1983 1990 1997 1795
2225.00 - 2274.99 1889 1943 1984 2024 2034 2041 1832
2275.00 - 2324.99 1926 1982 2023 2063 2079 2085 1868
2325.00 - 2374.99 1963 2020 2062 2103 2123 2130 1905
2375.00 - 2424.99 2000 2057 2102 2142 2167 2174 1942
2425.00 - 2474.99 2036 2094 2141 2181 2211 2218 1979
2475.00 - 2524.99 2073 2131 2180 2221 2256 2263 2016
2525.00 - 2574.99 2110 2167 2219 2260 2300 2307 2052
2575.00 - 2624.99 2147 2204 2259 2299 2340 2351 2089
2625.00 - 2674.99 2184 2241 2298 2339 2379 2395 2126
2675.00 - 2724.99 2220 2278 2335 2378 2418 2440 2163
2725.00 - 2774.99 2257 2315 2372 2417 2458 2484 2200
2775.00 - 2824.99 2294 2351 2409 2456 2497 2528 2236
2825.00 - 2874.99 2331 2388 2446 2496 2536 2573 2273
2875.00 - 2924.99 2368 2425 2482 2535 2576 2616 2310
2925.00 - 2974.99 2404 2462 2519 2574 2615 2655 2347
2975.00 - 3024.99 2441 2499 2556 2613 2654 2695 2384
3025.00 - 3074.99 2478 2535 2593 2650 2694 2734 2420
3075.00 - 3124.99 2515 2572 2630 2687 2733 2773 2457
3125.00 - 3174.99 2552 2609 2666 2724 2772 2813 2494
3175.00 - 3224.99 2588 2646 2703 2761 2811 2852 2531
3225.00 - 3274.99 2625 2683 2740 2797 2851 2891 2568
3275.00 - 3324.99 2662 2719 2777 2834 2890 2931 2604
3325.00 - 3374.99 2699 2756 2814 2871 2928 2970 2641
3375.00 - 3424.99 2736 2793 2850 2908 2965 3009 2678
3425.00 - 3474.99 2772 2830 2887 2945 3002 3048 2715
3475.00 - 3524.99 2809 2867 2924 2981 3039 3088 2752
3525.00 - 3574.99 2846 2903 2961 3018 3076 3127 2788
3575.00 - 3624.99 2883 2940 2998 3055 3112 3166 2825
3625.00 - 3674.99 2920 2977 3034 3092 3149 3206 2862
3675.00 - 3724.99 2956 3014 3071 3129 3186 3243 2899
3725.00 - 3774.99 2993 3051 3108 3165 3223 3280 2936
3775.00 - 3824.99 3030 3087 3145 3202 3260 3317 2972
3825.00 - 3874.99 3067 3124 3182 3239 3296 3354 3009
3875.00 - 3924.99 3104 3161 3218 3276 3333 3391 3046
3925.00 - 3974.99 3140 3198 3255 3313 3370 3427 3083
3975.00 - 4024.99 3177 3235 3292 3349 3407 3464 3120
4025.00 - 4074.99 3214 3271 3329 3386 3444 3501 3154
4075.00 - 4124.99 3251 3308 3366 3423 3480 3538 3186
4125.00 - 4174.99 3288 3345 3402 3460 3517 3575 3218
4175.00 - 4224.99 3324 3382 3439 3497 3554 3611 3250
4225.00 - 4274.99 3361 3419 3476 3533 3591 3648 3282
4275.00 - 4324.99 3398 3455 3513 3570 3628 3685 3313
4325.00 - 4374.99 3435 3492 3550 3607 3664 3722 3345
4375.00 - 4424.99 3468 3529 3586 3644 3701 3759 3377
4425.00 - 4474.99 3500 3566 3623 3681 3738 3795 3409
4475.00 - 4524.99 3532 3603 3660 3717 3775 3832 3441
4525.00 - 4574.99 3564 3639 3697 3754 3812 3869 3472
4575.00 - 4624.99 3595 3676 3734 3791 3848 3906 3504
4625.00 - 4674.99 3627 3713 3770 3828 3885 3943 3536
4675.00 - 4724.99 3659 3750 3807 3865 3922 3979 3568
4725.00 - 4774.99 3691 3782 3844 3901 3959 4016 3600
4775.00 - 4824.99 3723 3814 3881 3938 3996 4053 3631
4825.00 - 4874.99 3754 3846 3918 3975 4032 4090 3663
4875.00 - 4924.99 3786 3877 3954 4012 4069 4127 3695
4925.00 - 4974.99 3818 3909 3991 4049 4106 4163 3727
4975.00 - 5024.99 3850 3941 4028 4085 4143 4200 3759
5025.00 - 5074.99 3882 3973 4064 4122 4180 4237 3790
5075.00 - 5124.99 3913 4005 4096 4159 4216 4274 3822
5125.00 - 5174.99 3945 4036 4128 4196 4253 4311 3854
5175.00 - 5224.99 3977 4068 4159 4233 4290 4347 3886
5225.00 - 5274.99 4009 4100 4191 4269 4327 4384 3918
5275.00 - 5324.99 4041 4132 4223 4306 4364 4421 3949
5325.00 - 5374.99 4072 4164 4255 4343 4400 4458 3981
5375.00 - 5424.99 4104 4195 4287 4378 4437 4495 4013
5425.00 - 5474.99 4136 4227 4318 4409 4474 4531 4045
5475.00 - 5524.99 4168 4259 4350 4441 4511 4568 4077
5525.00 - 5574.99 4200 4291 4382 4473 4548 4605 4108
5575.00 - 5624.99 4231 4323 4414 4505 4584 4642 4140
5625.00 - 5674.99 4263 4354 4446 4537 4621 4679 4172
5675.00 - 5724.99 4295 4386 4477 4568 4658 4715 4204
5725.00 - 5774.99 4327 4418 4509 4600 4691 4752 4236
5775.00 - 5824.99 4359 4450 4541 4632 4723 4789 4267
5825.00 - 5874.99 4390 4482 4573 4664 4755 4826 4299
5875.00 - 5924.99 4422 4513 4605 4696 4787 4863 4331
5925.00 - 5974.99 4454 4545 4636 4727 4819 4899 4363
5975.00 - 6024.99 4486 4577 4668 4759 4850 4936 4395
6025.00 - 6074.99 4518 4609 4700 4791 4882 4973 4426
6075.00 - 6124.99 4549 4641 4732 4823 4914 5005 4458
6125.00 - 6174.99 4581 4672 4764 4855 4946 5037 4490
6175.00 - 6224.99 4613 4704 4795 4886 4978 5069 4522
6225.00 - 6274.99 4645 4736 4827 4918 5009 5101 4554
6275.00 - 6324.99 4677 4768 4859 4950 5041 5132 4585
6325.00 - 6374.99 4708 4800 4891 4982 5073 5164 4617
6375.00 - 6424.99 4740 4831 4923 5014 5105 5196 4649
6425.00 - 6474.99 4772 4863 4954 5045 5137 5228 4681
6475.00 - 6524.99 4804 4895 4986 5077 5168 5260 4713
6525.00 - 6574.99 4836 4927 5018 5109 5200 5291 4744
6575.00 - 6624.99 4867 4959 5050 5141 5232 5323 4776
6625.00 - 6674.99 4899 4990 5082 5173 5264 5355 4808
6675.00 - 6724.99 4931 5022 5113 5204 5296 5387 4840
6725.00 - 6774.99 4963 5054 5145 5236 5327 5419 4872
6775.00 - 6824.99 4995 5086 5177 5268 5359 5450 4903
6825.00 - 6874.99 5026 5118 5209 5300 5391 5482 4935
6875.00 - 6924.99 5058 5149 5241 5332 5423 5514 4967
6925.00 - 6974.99 5090 5181 5272 5363 5455 5546 4999
6975.00 - 7024.99 5122 5213 5304 5395 5486 5578 5031
7025.00 - 7074.99 5154 5245 5336 5427 5518 5609 5062
7075.00 - 7124.99 5185 5277 5368 5459 5550 5641 5094
7125.00 - 7174.99 5217 5308 5400 5491 5582 5673 5126
7175.00 - 7224.99 5249 5340 5431 5522 5614 5705 5158
7225.00 - 7274.99 5281 5372 5463 5554 5645 5737 5190
7275.00 - 7324.99 5313 5404 5495 5586 5677 5768 5221
7325.00 - 7374.99 5344 5436 5527 5618 5709 5800 5253
7375.00 - 7424.99 5376 5467 5559 5650 5741 5832 5285
7425.00 - 7474.99 5408 5499 5590 5681 5773 5864 5317
7475.00 - 7524.99 5440 5531 5622 5713 5804 5896 5349
7525.00 - 7574.99 5472 5563 5654 5745 5836 5927 5380
7575.00 - 7624.99 5503 5595 5686 5777 5868 5959 5412
7625.00 - 7674.99 5535 5626 5718 5809 5900 5991 5444
7675.00 - 7724.99 5567 5658 5749 5840 5932 6023 5476
7725.00 - 7774.99 5599 5690 5781 5872 5963 6055 5508
7775.00 - 7824.99 5631 5722 5813 5904 5995 6086 5539
7825.00 - 7874.99 5662 5754 5845 5936 6027 6118 5571
7875.00 - 7924.99 5694 5785 5877 5968 6059 6150 5603
7925.00 - 7974.99 5726 5817 5908 5999 6091 6182 5635
7975.00 - 8024.99 5758 5849 5940 6031 6122 6214 5667
8025.00 - 8074.99 5790 5881 5972 6063 6154 6245 5698
8075.00 - 8124.99 5821 5913 6004 6095 6186 6277 5730
8125.00 - 8174.99 5853 5944 6036 6127 6218 6309 5762
8175.00 - 8224.99 5885 5976 6067 6158 6250 6341 5794
8225.00 - 8274.99 5917 6008 6099 6190 6281 6373 5826
8275.00 - 8324.99 5949 6040 6131 6222 6313 6404 5857
8325.00 - 8374.99 5980 6072 6163 6254 6345 6436 5889
8375.00 - 8424.99 6012 6103 6195 6286 6377 6468 5921
8425.00 - 8474.99 6044 6135 6226 6317 6409 6500 5953
8475.00 - 8524.99 6076 6167 6258 6349 6440 6532 5985
8525.00 - 8574.99 6108 6199 6290 6381 6472 6563 6016
8575.00 - 8624.99 6139 6231 6322 6413 6504 6595 6046
8625.00 - 8674.99 6171 6262 6354 6445 6536 6627 6076
8675.00 - 8724.99 6203 6294 6385 6476 6568 6659 6107
8725.00 - 8774.99 6235 6326 6417 6508 6599 6691 6137
8775.00 - 8824.99 6267 6358 6449 6540 6631 6722 6167
8825.00 - 8874.99 6298 6390 6481 6572 6663 6754 6197
8875.00 - 8924.99 6329 6421 6513 6604 6695 6786 6228
8925.00 - 8974.99 6359 6453 6544 6635 6727 6818 6258
8975.00 - 9024.99 6390 6485 6576 6667 6758 6850 6288
9025.00 - 9074.99 6420 6517 6608 6699 6790 6881 6319
9075.00 - 9124.99 6450 6549 6640 6731 6822 6913 6349
9125.00 - 9174.99 6481 6580 6672 6763 6854 6945 6379
9175.00 - 9224.99 6511 6612 6703 6794 6886 6977 6410
9225.00 - 9274.99 6541 6642 6735 6826 6917 7009 6440
9275.00 - 9324.99 6571 6673 6767 6858 6949 7040 6470
9325.00 - 9374.99 6602 6703 6799 6890 6981 7072 6500
9375.00 - 9424.99 6632 6733 6831 6922 7013 7104 6531
9425.00 - 9474.99 6662 6764 6862 6953 7045 7136 6561
9475.00 - 9524.99 6693 6794 6894 6985 7076 7168 6591
9525.00 - 9574.99 6723 6824 6926 7017 7108 7199 6622
9575.00 - 9624.99 6753 6855 6956 7049 7140 7231 6652
9625.00 - 9674.99 6784 6885 6986 7081 7172 7263 6682
9675.00 - 9724.99 6814 6915 7016 7112 7204 7295 6713
9725.00 - 9774.99 6844 6945 7047 7144 7235 7327 6743
9775.00 - 9824.99 6874 6976 7077 7176 7267 7358 6773
9825.00 - 9874.99 6905 7006 7107 7208 7299 7390 6803
9875.00 - 9924.99 6935 7036 7138 7239 7331 7422 6834
9925.00 - 9974.99 6965 7067 7168 7269 7363 7454 6864
9975.00 - 10024.99 6996 7097 7198 7300 7394 7486 6894
10025.00 - 10074.99 7026 7127 7229 7330 7426 7517 6925
10075.00 - 10124.99 7056 7158 7259 7360 7458 7549 6955
10125.00 - 10174.99 7087 7188 7289 7390 7490 7581 6985
10175.00 - 10224.99 7117 7218 7319 7421 7522 7613 7016
10225.00 - 10274.99 7147 7248 7350 7451 7552 7645 7046
10275.00 - 10324.99 7177 7279 7380 7481 7583 7676 7076
10325.00 - 10374.99 7208 7309 7410 7512 7613 7708 7106
10375.00 - 10424.99 7238 7339 7441 7542 7643 7740 7137
10425.00 - 10474.99 7268 7370 7471 7572 7674 7772 7167
10475.00 - 10524.99 7299 7400 7501 7603 7704 7804 7197
10525.00 - 10574.99 7329 7430 7532 7633 7734 7835 7228
10575.00 - 10624.99 7359 7461 7562 7663 7764 7866 7258
10625.00 - 10674.99 7393 7494 7595 7697 7798 7899 7291
10675.00 - 10724.99 7426 7527 7629 7730 7831 7933 7325
10725.00 - 10774.99 7459 7561 7662 7763 7865 7966 7358
10775.00 - 10824.99 7493 7594 7695 7797 7898 7999 7392
10825.00 - 10874.99 7526 7628 7729 7830 7931 8033 7425
10875.00 - 10924.99 7560 7661 7762 7864 7965 8066 7458
10925.00 - 10974.99 7593 7694 7796 7897 7998 8100 7492
10975.00 - 11024.99 7626 7728 7829 7930 8032 8133 7525
11025.00 - 11074.99 7660 7761 7862 7964 8065 8166 7559
11075.00 - 11124.99 7693 7795 7896 7997 8098 8200 7592
11125.00 - 11174.99 7727 7828 7929 8031 8132 8233 7625
11175.00 - 11224.99 7760 7861 7963 8064 8165 8267 7659
11225.00 - 11274.99 7793 7895 7996 8097 8199 8300 7692
11275.00 - 11324.99 7827 7928 8029 8131 8232 8333 7726
11325.00 - 11374.99 7860 7962 8063 8164 8265 8367 7759
11375.00 - 11424.99 7894 7995 8096 8198 8299 8400 7792
11425.00 - 11474.99 7927 8028 8130 8231 8332 8434 7826
11475.00 - 11524.99 7960 8062 8163 8264 8366 8467 7859
11525.00 - 11574.99 7994 8095 8196 8298 8399 8500 7893
11575.00 - 11624.99 8027 8129 8230 8331 8432 8534 7926
11625.00 - 11674.99 8061 8162 8263 8365 8466 8567 7959
11675.00 - 11724.99 8094 8195 8297 8398 8499 8601 7993
11725.00 - 11774.99 8127 8229 8330 8431 8533 8634 8026
11775.00 - 11824.99 8161 8262 8363 8465 8566 8667 8060
11825.00 - 11874.99 8194 8296 8397 8498 8599 8701 8093
11875.00 - 11924.99 8228 8329 8430 8532 8633 8734 8126
11925.00 - 11974.99 8261 8362 8464 8565 8666 8768 8160
11975.00 - 12024.99 8294 8396 8497 8598 8700 8801 8193
12025.00 - 12074.99 8328 8429 8530 8632 8733 8834 8227
12075.00 - 12124.99 8361 8463 8564 8665 8766 8868 8260
12125.00 - 12174.99 8395 8496 8597 8699 8800 8901 8293
12175.00 - 12224.99 8428 8529 8631 8732 8833 8935 8327
12225.00 - 12274.99 8461 8563 8664 8765 8867 8968 8360
12275.00 - 12324.99 8495 8596 8697 8799 8900 9001 8394
12325.00 - 12374.99 8528 8630 8731 8832 8933 9035 8427
12375.00 - 12424.99 8562 8663 8764 8866 8967 9068 8460
12425.00 - 12474.99 8595 8696 8798 8899 9000 9102 8494
12475.00 - 12524.99 8628 8730 8831 8932 9034 9135 8527
12525.00 - 12574.99 8662 8763 8864 8966 9067 9168 8561
12575.00 - 12624.99 8695 8797 8898 8999 9100 9202 8594
12625.00 - 12674.99 8729 8830 8931 9033 9134 9235 8627
12675.00 - 12724.99 8762 8863 8965 9066 9167 9269 8661
12725.00 - 12774.99 8795 8897 8998 9099 9201 9302 8694
12775.00 - 12824.99 8829 8930 9031 9133 9234 9335 8728
12825.00 - 12874.99 8862 8964 9065 9166 9267 9369 8761
12875.00 - 12924.99 8896 8997 9098 9200 9301 9402 8794
12925.00 - 12974.99 8929 9030 9132 9233 9334 9436 8828
12975.00 - 13024.99 8962 9064 9165 9266 9368 9469 8861
13025.00 - 13074.99 8996 9097 9198 9300 9401 9502 8895
13075.00 - 13124.99 9029 9131 9232 9333 9434 9536 8928
13125.00 - 13174.99 9063 9164 9265 9367 9468 9569 8961
13175.00 - 13224.99 9096 9197 9299 9400 9501 9603 8995
13225.00 - 13274.99 9129 9231 9332 9433 9535 9636 9028
13275.00 - 13324.99 9163 9264 9365 9467 9568 9669 9062
13325.00 - 13374.99 9196 9298 9399 9500 9601 9703 9095
13375.00 - 13424.99 9230 9331 9432 9534 9635 9736 9128
13425.00 - 13474.99 9263 9364 9466 9567 9668 9770 9162
13475.00 - 13524.99 9296 9398 9499 9600 9702 9803 9195
13525.00 - 13574.99 9330 9431 9532 9634 9735 9836 9229
13575.00 - 13624.99 9363 9465 9566 9667 9768 9870 9262
13625.00 - 13674.99 9397 9498 9599 9701 9802 9903 9295
13675.00 - 13724.99 9430 9531 9633 9734 9835 9937 9329
13725.00 - 13774.99 9463 9565 9666 9767 9869 9970 9362
13775.00 - 13824.99 9497 9598 9699 9801 9902 10003 9396
13825.00 - 13874.99 9530 9632 9733 9834 9935 10037 9429
13875.00 - 13924.99 9564 9665 9766 9868 9969 10070 9462
13925.00 - 13974.99 9597 9698 9800 9901 10002 10104 9496
13975.00 - 14024.99 9630 9732 9833 9934 10036 10137 9529
14025.00 - 14074.99 9664 9765 9866 9968 10069 10170 9563
14075.00 - 14124.99 9697 9799 9900 10001 10102 10204 9596
14125.00 - 14174.99 9731 9832 9933 10035 10136 10237 9629
14175.00 - 14224.99 9764 9865 9967 10068 10169 10271 9663
14225.00 - 14274.99 9797 9899 10000 10101 10203 10304 9696
14275.00 - 14324.99 9831 9932 10033 10135 10236 10337 9730
14325.00 - 14374.99 9864 9966 10067 10168 10269 10371 9763
14375.00 - 14424.99 9898 9999 10100 10202 10303 10404 9796
14425.00 - 14474.99 9931 10032 10134 10235 10336 10438 9830
14475.00 - 14524.99 9964 10066 10167 10268 10370 10471 9863
14525.00 - 14574.99 9998 10099 10200 10302 10403 10504 9897
14575.00 - 14624.99 10031 10133 10234 10335 10436 10538 9930
14625.00 - 14674.99 10065 10166 10267 10369 10470 10571 9963
14675.00 - 14724.99 10098 10199 10301 10402 10503 10605 9997
14725.00 - 14774.99 10131 10233 10334 10435 10537 10638 10030
14775.00 - 14824.99 10165 10266 10367 10469 10570 10671 10064
14825.00 - 14874.99 10198 10300 10401 10502 10603 10705 10097
14875.00 - 14924.99 10232 10333 10434 10536 10637 10738 10130
14925.00 - 14974.99 10265 10366 10468 10569 10670 10772 10164
14975.00 - 15024.99 10298 10400 10501 10602 10704 10805 10197
15025.00 - 15074.99 10332 10433 10534 10636 10737 10838 10231
15075.00 - 15124.99 10365 10467 10568 10669 10770 10872 10264
15125.00 - 15174.99 10399 10500 10601 10703 10804 10905 10297
15175.00 - 15224.99 10432 10533 10635 10736 10837 10939 10331
15225.00 - 15274.99 10465 10567 10668 10769 10871 10972 10364
15275.00 - 15324.99 10499 10600 10701 10803 10904 11005 10398
15325.00 - 15374.99 10532 10634 10735 10836 10937 11039 10431
15375.00 - 15424.99 10566 10667 10768 10870 10971 11072 10464
15425.00 - 15474.99 10599 10700 10802 10903 11004 11106 10498
15475.00 - 15524.99 10632 10734 10835 10936 11038 11139 10531
15525.00 - 15574.99 10666 10767 10868 10970 11071 11172 10565
15575.00 - 15624.99 10699 10801 10902 11003 11104 11206 10598
15625.00 - 15674.99 10733 10834 10935 11037 11138 11239 10631
15675.00 - 15724.99 10766 10867 10969 11070 11171 11273 10665
15725.00 - 15774.99 10799 10901 11002 11103 11205 11306 10698
15775.00 - 15824.99 10833 10934 11035 11137 11238 11339 10732
15825.00 - 15874.99 10866 10968 11069 11170 11271 11373 10765
15875.00 - 15924.99 10900 11001 11102 11204 11305 11406 10798
15925.00 - 15974.99 10933 11034 11136 11237 11338 11440 10832
15975.00 - 16024.99 10966 11068 11169 11270 11372 11473 10865
16025.00 - 16074.99 11000 11101 11202 11304 11405 11506 10899
16075.00 - 16124.99 11033 11135 11236 11337 11438 11540 10932
16125.00 - 16174.99 11067 11168 11269 11371 11472 11573 10965
16175.00 - 16224.99 11100 11201 11303 11404 11505 11607 10999
16225.00 - 16274.99 11133 11235 11336 11437 11539 11640 11032
16275.00 - 16324.99 11167 11268 11369 11471 11572 11673 11066
16325.00 - 16374.99 11200 11302 11403 11504 11605 11707 11099
16375.00 - 16424.99 11234 11335 11436 11538 11639 11740 11132 
16425.00 - 16474.99 11267 11368 11470 11571 11672 11774 11166
16475.00 - 16524.99 11300 11402 11503 11604 11706 11807 11199
16525.00 - 16574.99 11334 11435 11536 11638 11739 11840 11233
16575.00 - 16624.99 11367 11469 11570 11671 11772 11874 11266
16625.00 - 16674.99 11401 11502 11603 11705 11806 11907 11299
16675.00 - 16724.99 11434 11535 11636 11738 11839 11940 11332
16725.00 - 16774.99 11467 11568 11669 11771 11872 11973 11365
16775.00 - 16824.99 11500 11601 11702 11804 11905 12006 11398
16825.00 - 16874.99 11533 11634 11735 11836 11938 12039 11431
16875.00 - 16924.99 11566 11667 11768 11869 11971 12072 11461
16925.00 - 16974.99 11598 11700 11801 11902 12004 12105 11492
16975.00 - 17024.99 11631 11733 11834 11935 12037 12138 11522
17025.00 - 17074.99 11664 11766 11867 11968 12070 12171 11552
17075.00 - 17124.99 11697 11799 11900 12001 12103 12204 11583
17125.00 - 17174.99 11730 11832 11933 12034 12135 12237 11613
17175.00 - 17224.99 11762 11865 11966 12067 12168 12270 11644
17225.00 - 17274.99 11792 11897 11999 12100 12201 12303 11674
17275.00 - 17324.99 11823 11930 12032 12133 12234 12336 11705
17325.00 - 17374.99 11853 11963 12065 12166 12267 12369 11735
17375.00 - 17424.99 11884 11996 12098 12199 12300 12402 11766
17425.00 - 17474.99 11914 12029 12131 12232 12333 12434 11796
17475.00 - 17524.99 11945 12062 12164 12265 12366 12467 11827
17525.00 - 17574.99 11975 12093 12196 12298 12399 12500 11857
17575.00 - 17624.99 12006 12124 12229 12331 12432 12533 11887
17625.00 - 17674.99 12036 12154 12262 12364 12465 12566 11918
17675.00 - 17724.99 12067 12185 12295 12397 12498 12599 11948
17725.00 - 17774.99 12097 12215 12328 12430 12531 12632 11979
17775.00 - 17824.99 12127 12246 12361 12463 12564 12665 12009
17825.00 - 17874.99 12158 12276 12394 12495 12597 12698 12040
17875.00 - 17924.99 12188 12306 12425 12528 12630 12731 12070
17925.00 - 17974.99 12219 12337 12455 12561 12663 12764 12101
17975.00 - 18024.99 12249 12367 12486 12594 12696 12797 12131
18025.00 - 18074.99 12280 12398 12516 12627 12729 12830 12161
18075.00 - 18124.99 12310 12428 12546 12660 12762 12863 12192
18125.00 - 18174.99 12341 12459 12577 12693 12794 12896 12222
18175.00 - 18224.99 12371 12489 12607 12726 12827 12929 12253
18225.00 - 18274.99 12401 12520 12638 12756 12860 12962 12283
18275.00 - 18324.99 12432 12550 12668 12786 12893 12995 12314
18325.00 - 18374.99 12462 12581 12699 12817 12926 13028 12344
18375.00 - 18424.99 12493 12611 12729 12847 12959 13061 12375
18425.00 - 18474.99 12523 12641 12760 12878 12992 13093 12405
18475.00 - 18524.99 12554 12672 12790 12908 13025 13126 12436
18525.00 - 18574.99 12584 12702 12821 12939 13057 13159 12466
18575.00 - 18624.99 12615 12733 12851 12969 13087 13192 12496
18625.00 - 18674.99 12645 12763 12881 13000 13118 13225 12527
18675.00 - 18724.99 12676 12794 12912 13030 13148 13258 12557
18725.00 - 18774.99 12706 12824 12942 13060 13179 13291 12588
18775.00 - 18824.99 12736 12855 12973 13091 13209 13324 12618
18825.00 - 18874.99 12767 12885 13003 13121 13240 13357 12649
18875.00 - 18924.99 12797 12915 13034 13152 13270 13388 12679
18925.00 - 18974.99 12828 12946 13064 13182 13300 13419 12710
18975.00 - 19024.99 12858 12976 13095 13213 13331 13449 12740
19025.00 - 19074.99 12889 13007 13125 13243 13361 13480 12770
19075.00 - 19124.99 12919 13037 13155 13274 13392 13510 12801
19125.00 - 19174.99 12950 13068 13186 13304 13422 13540 12831
19175.00 - 19224.99 12980 13098 13216 13335 13453 13571 12862
19225.00 - 19274.99 13010 13129 13247 13365 13483 13601 12892
19275.00 - 19324.99 13041 13159 13277 13395 13514 13632 12923
19325.00 - 19374.99 13071 13190 13308 13426 13544 13662 12953
19375.00 - 19424.99 13102 13220 13338 13456 13575 13693 12984
19425.00 - 19474.99 13132 13250 13369 13487 13605 13723 13014
19475.00 - 19524.99 13163 13281 13399 13517 13635 13754 13045
19525.00 - 19574.99 13193 13311 13430 13548 13666 13784 13075
19575.00 - 19624.99 13224 13342 13460 13578 13696 13814 13105
19625.00 - 19674.99 13254 13372 13490 13609 13727 13845 13136
19675.00 - 19724.99 13285 13403 13521 13639 13757 13875 13166
19725.00 - 19774.99 13315 13433 13551 13669 13788 13906 13197
19775.00 - 19824.99 13345 13464 13582 13700 13818 13936 13227
19825.00 - 19874.99 13376 13494 13612 13730 13849 13967 13258
19875.00 - 19924.99 13406 13524 13643 13761 13879 13997 13288
19925.00 - 19974.99 13437 13555 13673 13791 13909 14028 13319
19975.00 - 20024.99 13467 13585 13704 13822 13940 14058 13349
20025.00 - 20074.99 13498 13616 13734 13852 13970 14089 13379
20075.00 - 20124.99 13528 13646 13764 13883 14001 14119 13410
20125.00 - 20174.99 13559 13677 13795 13913 14031 14149 13440
20175.00 - 20224.99 13589 13707 13825 13944 14062 14180 13471
20225.00 - 20274.99 13619 13738 13856 13974 14092 14210 13501
20275.00 - 20324.99 13650 13768 13886 14004 14123 14241 13532
20325.00 - 20374.99 13680 13799 13917 14035 14153 14271 13562
20375.00 - 20424.99 13711 13829 13947 14065 14184 14302 13593
20425.00 - 20474.99 13741 13859 13978 14096 14214 14332 13623
20475.00 - 20524.99 13772 13890 14008 14126 14244 14363 13654
20525.00 - 20574.99 13802 13920 14039 14157 14275 14393 13684
20575.00 - 20624.99 13833 13951 14069 14187 14305 14423 13714
20625.00 - 20674.99 13863 13981 14099 14218 14336 14454 13745
20675.00 - 20724.99 13894 14012 14130 14248 14366 14484 13775
20725.00 - 20774.99 13924 14042 14160 14278 14397 14515 13806
20775.00 - 20824.99 13954 14073 14191 14309 14427 14545 13836
20825.00 - 20874.99 13985 14103 14221 14339 14458 14576 13867
20875.00 - 20924.99 14015 14133 14252 14370 14488 14606 13897
20925.00 - 20974.99 14046 14164 14282 14400 14518 14637 13928
20975.00 - 21024.99 14076 14194 14313 14431 14549 14667 13958
21025.00 - 21074.99 14107 14225 14343 14461 14579 14698 13988
21075.00 - 21124.99 14137 14255 14373 14492 14610 14728 14019
21125.00 - 21174.99 14168 14286 14404 14522 14640 14758 14049
21175.00 - 21224.99 14198 14316 14434 14553 14671 14789 14080
21225.00 - 21274.99 14228 14347 14465 14583 14701 14819 14110
21275.00 - 21324.99 14259 14377 14495 14613 14732 14850 14141
21325.00 - 21374.99 14289 14408 14526 14644 14762 14880 14171
21375.00 - 21424.99 14320 14438 14556 14674 14793 14911 14202
21425.00 - 21474.99 14350 14468 14587 14705 14823 14941 14232
21475.00 - 21524.99 14381 14499 14617 14735 14853 14972 14263
21525.00 - 21574.99 14411 14529 14648 14766 14884 15002 14293
21575.00 - 21624.99 14442 14560 14678 14796 14914 15032 14323
21625.00 - 21674.99 14472 14590 14708 14827 14945 15063 14354
21675.00 - 21724.99 14503 14621 14739 14857 14975 15093 14384
21725.00 - 21774.99 14533 14651 14769 14887 15006 15124 14415
21775.00 - 21824.99 14563 14682 14800 14918 15036 15154 14445
21825.00 - 21874.99 14594 14712 14830 14948 15067 15185 14476
21875.00 - 21924.99 14624 14742 14861 14979 15097 15215 14506
21925.00 - 21974.99 14655 14773 14891 15009 15127 15246 14537
21975.00 - 22024.99 14685 14803 14922 15040 15158 15276 14567
22025.00 - 22074.99 14716 14834 14952 15070 15188 15307 14597
22075.00 - 22124.99 14746 14864 14982 15101 15219 15337 14628
22125.00 - 22174.99 14777 14895 15013 15131 15249 15367 14658
22175.00 - 22224.99 14807 14925 15043 15162 15280 15398 14689
22225.00 - 22274.99 14837 14956 15074 15192 15310 15428 14719
22275.00 - 22324.99 14868 14986 15104 15222 15341 15459 14750
22325.00 - 22374.99 14898 15017 15135 15253 15371 15489 14780
22375.00 - 22424.99 14929 15047 15165 15283 15402 15520 14811
22425.00 - 22474.99 14959 15077 15196 15314 15432 15550 14841
22475.00 - 22524.99 14990 15108 15226 15344 15462 15581 14872
22525.00 - 22574.99 15020 15138 15257 15375 15493 15611 14902
22575.00 - 22624.99 15051 15169 15287 15405 15523 15641 14932
22625.00 - 22674.99 15081 15199 15317 15436 15554 15672 14963
22675.00 - 22724.99 15112 15230 15348 15466 15584 15702 14993
22725.00 - 22774.99 15142 15260 15378 15496 15615 15733 15024
22775.00 - 22824.99 15172 15291 15409 15527 15645 15763 15054
22825.00 - 22874.99 15203 15321 15439 15557 15676 15794 15085
22875.00 - 22924.99 15233 15351 15470 15588 15706 15824 15115
22925.00 - 22974.99 15264 15382 15500 15618 15736 15855 15146
22975.00 - 23024.99 15294 15412 15531 15649 15767 15885 15176
23025.00 - 23074.99 15325 15443 15561 15679 15797 15916 15206
23075.00 - 23124.99 15355 15473 15591 15710 15828 15946 15237
23125.00 - 23174.99 15386 15504 15622 15740 15858 15976 15267
23175.00 - 23224.99 15416 15534 15652 15771 15889 16007 15298
23225.00 - 23274.99 15446 15565 15683 15801 15919 16037 15328
23275.00 - 23324.99 15477 15595 15713 15831 15950 16068 15359
23325.00 - 23374.99 15507 15626 15744 15862 15980 16098 15389
23375.00 - 23424.99 15538 15656 15774 15892 16011 16129 15420
23425.00 - 23474.99 15568 15686 15805 15923 16041 16159 15450
23475.00 - 23524.99 15599 15717 15835 15953 16071 16190 15481
23525.00 - 23574.99 15629 15747 15866 15984 16102 16220 15511
23575.00 - 23624.99 15660 15778 15896 16014 16132 16250 15541
23625.00 - 23674.99 15690 15808 15926 16045 16163 16281 15572
23675.00 - 23724.99 15721 15839 15957 16075 16193 16311 15602
23725.00 - 23774.99 15751 15869 15987 16105 16224 16342 15633
23775.00 - 23824.99 15781 15900 16018 16136 16254 16372 15663
23825.00 - 23874.99 15812 15930 16048 16166 16285 16403 15694
23875.00 - 23924.99 15842 15960 16079 16197 16315 16433 15724
23925.00 - 23974.99 15873 15991 16109 16227 16345 16464 15755
23975.00 - 24024.99 15903 16021 16140 16258 16376 16494 15785
24025.00 - 24074.99 15934 16052 16170 16288 16406 16525 15815
24075.00 - 24124.99 15964 16082 16200 16319 16437 16555 15846
24125.00 - 24174.99 15995 16113 16231 16349 16467 16585 15876
24175.00 - 24224.99 16025 16143 16261 16380 16498 16616 15907
24225.00 - 24274.99 16055 16174 16292 16410 16528 16646 15937
24275.00 - 24324.99 16086 16204 16322 16440 16559 16677 15968
24325.00 - 24374.99 16116 16235 16353 16471 16589 16707 15998
24375.00 - 24424.99 16147 16265 16383 16501 16620 16738 16029
24425.00 - 24474.99 16177 16295 16414 16532 16650 16768 16059
24475.00 - 24524.99 16208 16326 16444 16562 16680 16799 16090
24525.00 - 24574.99 16238 16356 16475 16593 16711 16829 16120
24575.00 - 24624.99 16269 16387 16505 16623 16741 16859 16150
24625.00 - 24674.99 16299 16417 16535 16654 16772 16890 16181
24675.00 - 24724.99 16330 16448 16566 16684 16802 16920 16211
24725.00 - 24774.99 16360 16478 16596 16714 16833 16951 16242
24775.00 - 24824.99 16390 16509 16627 16745 16863 16981 16272
24825.00 - 24874.99 16421 16539 16657 16775 16894 17012 16303
24875.00 - 24924.99 16451 16569 16688 16806 16924 17042 16333
24925.00 - 24974.99 16482 16600 16718 16836 16954 17073 16364
24975.00 - 25024.99 16512 16630 16749 16867 16985 17103 16394
25025.00 - 25074.99 16543 16661 16779 16897 17015 17134 16424
25075.00 - 25124.99 16573 16691 16809 16928 17046 17164 16455
25125.00 - 25174.99 16604 16722 16840 16958 17076 17194 16485
25175.00 - 25224.99 16634 16752 16870 16989 17107 17225 16516
25225.00 - 25274.99 16664 16783 16901 17019 17137 17255 16546
25275.00 - 25324.99 16695 16813 16931 17049 17168 17286 16577
25325.00 - 25374.99 16725 16844 16962 17080 17198 17316 16607
25375.00 - 25424.99 16756 16874 16992 17110 17229 17347 16638
25425.00 - 25474.99 16786 16904 17023 17141 17259 17377 16668
25475.00 - 25524.99 16817 16935 17053 17171 17289 17408 16699
25525.00 - 25574.99 16847 16965 17084 17202 17320 17438 16729
25575.00 - 25624.99 16878 16996 17114 17232 17350 17468 16759
25625.00 - 25674.99 16908 17026 17144 17263 17381 17499 16790
25675.00 - 25724.99 16939 17057 17175 17293 17411 17529 16820
25725.00 - 25774.99 16969 17087 17205 17323 17442 17560 16851
25775.00 - 25824.99 16999 17118 17236 17354 17472 17590 16881
25825.00 - 25874.99 17030 17148 17266 17384 17503 17621 16912
25875.00 - 25924.99 17060 17178 17297 17415 17533 17651 16942
25925.00 - 25974.99 17091 17209 17327 17445 17563 17682 16973
25975.00 - 26024.99 17121 17239 17358 17476 17594 17712 17003
26025.00 - 26074.99 17152 17270 17388 17506 17624 17743 17033
26075.00 - 26124.99 17182 17300 17418 17537 17655 17773 17064
26125.00 - 26174.99 17213 17331 17449 17567 17685 17803 17094
26175.00 - 26224.99 17243 17361 17479 17598 17716 17834 17125
26225.00 - 26274.99 17273 17392 17510 17628 17746 17864 17155
26275.00 - 26324.99 17304 17422 17540 17658 17777 17895 17186
26325.00 - 26374.99 17334 17453 17571 17689 17807 17925 17216
26375.00 - 26424.99 17365 17483 17601 17719 17838 17956 17247
26425.00 - 26474.99 17395 17513 17632 17750 17868 17986 17277
26475.00 - 26524.99 17426 17544 17662 17780 17898 18017 17308
26525.00 - 26574.99 17456 17574 17693 17811 17929 18047 17338
26575.00 - 26624.99 17487 17605 17723 17841 17959 18077 17368
26625.00 - 26674.99 17517 17635 17753 17872 17990 18108 17399
26675.00 - 26724.99 17548 17666 17784 17902 18020 18138 17429
26725.00 - 26774.99 17578 17696 17814 17932 18051 18169 17460
26775.00 - 26824.99 17608 17727 17845 17963 18081 18199 17490
26825.00 - 26874.99 17639 17757 17875 17993 18112 18230 17521
26875.00 - 26924.99 17669 17787 17906 18024 18142 18260 17551
26925.00 - 26974.99 17700 17818 17936 18054 18172 18291 17582
26975.00 - 27024.99 17730 17848 17967 18085 18203 18321 17612
27025.00 - 27074.99 17761 17879 17997 18115 18233 18352 17642
27075.00 - 27124.99 17791 17909 18027 18146 18264 18382 17673
27125.00 - 27174.99 17822 17940 18058 18176 18294 18412 17703
27175.00 - 27224.99 17852 17970 18088 18207 18325 18443 17734
27225.00 - 27274.99 17882 18001 18119 18237 18355 18473 17764
27275.00 - 27324.99 17913 18031 18149 18267 18386 18504 17795
27325.00 - 27374.99 17943 18062 18180 18298 18416 18534 17825
27375.00 - 27424.99 17974 18092 18210 18328 18447 18565 17856
27425.00 - 27474.99 18004 18122 18241 18359 18477 18595 17886
27475.00 - 27524.99 18035 18153 18271 18389 18507 18626 17917 
27525.00 - 27574.99 18065 18183 18302 18420 18538 18656 17947
27575.00 - 27624.99 18096 18214 18332 18450 18568 18686 17977
27625.00 - 27674.99 18126 18244 18362 18481 18599 18717 18008
27675.00 - 27724.99 18157 18275 18393 18511 18629 18747 18038
27725.00 - 27774.99 18187 18305 18423 18541 18660 18778 18069
27775.00 - 27824.99 18217 18336 18454 18572 18690 18808 18099
27825.00 - 27874.99 18248 18366 18484 18602 18721 18839 18130
27875.00 - 27924.99 18278 18396 18515 18633 18751 18869 18160
27925.00 - 27974.99 18309 18427 18545 18663 18781 18900 18191
27975.00 - 28024.99 18339 18457 18576 18694 18812 18930 18221
28025.00 - 28074.99 18370 18488 18606 18724 18842 18961 18251
28075.00 - 28124.99 18400 18518 18636 18755 18873 18991 18282
28125.00 - 28174.99 18431 18549 18667 18785 18903 19021 18312
28175.00 - 28224.99 18461 18579 18697 18816 18934 19052 18343
28225.00 - 28274.99 18491 18610 18728 18846 18964 19082 18373
28275.00 - 28324.99 18522 18640 18758 18876 18995 19113 18404
28325.00 - 28374.99 18552 18671 18789 18907 19025 19143 18434
28375.00 - 28424.99 18583 18701 18819 18937 19056 19174 18465
28425.00 - 28474.99 18613 18731 18850 18968 19086 19204 18495
28475.00 - 28524.99 18644 18762 18880 18998 19116 19235 18526
28525.00 - 28574.99 18674 18792 18911 19029 19147 19265 18556
28575.00 - 28624.99 18705 18823 18941 19059 19177 19295 18586
28625.00 - 28674.99 18735 18853 18971 19090 19208 19326 18617
28675.00 - 28724.99 18766 18884 19002 19120 19238 19356 18647
28725.00 - 28774.99 18796 18914 19032 19150 19269 19387 18678
28775.00 - 28824.99 18826 18945 19063 19181 19299 19417 18708
28825.00 - 28874.99 18857 18975 19093 19211 19330 19448 18739
28875.00 - 28924.99 18887 19005 19124 19242 19360 19478 18769
28925.00 - 28974.99 18918 19036 19154 19272 19390 19509 18800
28975.00 - 29024.99 18948 19066 19185 19303 19421 19539 18830
29025.00 - 29074.99 18979 19097 19215 19333 19451 19570 18860
29075.00 - 29124.99 19009 19127 19245 19364 19482 19600 18891
29125.00 - 29174.99 19040 19158 19276 19394 19512 19630 18921
29175.00 - 29224.99 19070 19188 19306 19425 19543 19661 18952
29225.00 - 29274.99 19100 19219 19337 19455 19573 19691 18982
29275.00 - 29324.99 19131 19249 19367 19485 19604 19722 19013
29325.00 - 29374.99 19161 19280 19398 19516 19634 19752 19043
29375.00 - 29424.99 19192 19310 19428 19546 19665 19783 19074
29425.00 - 29474.99 19222 19340 19459 19577 19695 19813 19104
29475.00 - 29524.99 19253 19371 19489 19607 19725 19844 19135
29525.00 - 29574.99 19283 19401 19520 19638 19756 19874 19165
29575.00 - 29624.99 19314 19432 19550 19668 19786 19904 19195
29625.00 - 29674.99 19344 19462 19580 19699 19817 19935 19226
29675.00 - 29724.99 19375 19493 19611 19729 19847 19965 19256
29725.00 - 29774.99 19405 19523 19641 19759 19878 19996 19287
29775.00 - 29824.99 19435 19554 19672 19790 19908 20026 19317
29825.00 - 29874.99 19466 19584 19702 19820 19939 20057 19348
29875.00 - 29924.99 19496 19614 19733 19851 19969 20087 19378
29925.00 - 29974.99 19527 19645 19763 19881 19999 20118 19409
29975.00 - 30024.99 19557 19675 19794 19912 20030 20148 19439