0.00 - 824.99 173 265 322 360 396 430
825.00 - 874.99 184 282 342 382 421 457
875.00 - 924.99 195 298 362 405 445 484
925.00 - 974.99 206 315 382 427 470 511
975.00 - 1024.99 216 332 403 450 495 538
1025.00 - 1074.99 227 348 423 472 519 565
1075.00 - 1124.99 238 365 443 495 544 592
1125.00 - 1174.99 249 381 463 517 569 618
1175.00 - 1224.99 260 398 483 540 594 645
1225.00 - 1274.99 270 415 503 562 618 672
1275.00 - 1324.99 281 431 523 585 643 699
1325.00 - 1374.99 292 448 544 607 668 726
1375.00 - 1424.99 303 464 564 630 693 753
1425.00 - 1474.99 314 481 584 652 717 780
1475.00 - 1524.99 325 497 604 675 742 807
1525.00 - 1574.99 335 514 624 697 767 834
1575.00 - 1624.99 346 531 644 720 792 860
1625.00 - 1674.99 357 547 664 742 816 887
1675.00 - 1724.99 368 564 684 765 841 914
1725.00 - 1774.99 379 580 705 787 866 941
1775.00 - 1824.99 389 597 725 809 890 968
1825.00 - 1874.99 400 613 744 831 914 993
1875.00 - 1924.99 411 629 763 852 937 1018
1925.00 - 1974.99 421 645 782 873 960 1044
1975.00 - 2024.99 432 660 801 894 984 1069
2025.00 - 2074.99 442 676 820 916 1007 1095
2075.00 - 2124.99 453 692 839 937 1030 1120
2125.00 - 2174.99 463 708 858 958 1054 1145
2175.00 - 2224.99 474 724 877 979 1077 1171
2225.00 - 2274.99 484 740 896 1000 1101 1196
2275.00 - 2324.99 495 756 915 1022 1124 1222
2325.00 - 2374.99 505 772 934 1043 1147 1247
2375.00 - 2424.99 516 788 953 1064 1171 1272
2425.00 - 2474.99 527 804 972 1085 1194 1298
2475.00 - 2524.99 537 820 991 1107 1217 1323
2525.00 - 2574.99 548 835 1010 1128 1241 1349
2575.00 - 2624.99 558 851 1029 1149 1264 1374
2625.00 - 2674.99 569 867 1048 1170 1287 1399
2675.00 - 2724.99 579 883 1067 1192 1311 1425
2725.00 - 2774.99 590 899 1086 1213 1334 1450
2775.00 - 2824.99 600 915 1105 1234 1358 1476
2825.00 - 2874.99 611 931 1124 1255 1381 1501
2875.00 - 2924.99 621 947 1143 1277 1404 1526
2925.00 - 2974.99 632 963 1162 1298 1428 1552
2975.00 - 3024.99 643 979 1181 1319 1451 1577
3025.00 - 3074.99 653 995 1200 1340 1474 1603
3075.00 - 3124.99 664 1011 1219 1362 1498 1628
3125.00 - 3174.99 674 1026 1238 1383 1521 1653
3175.00 - 3224.99 685 1042 1257 1404 1545 1679
3225.00 - 3274.99 695 1058 1276 1425 1568 1704
3275.00 - 3324.99 706 1074 1295 1447 1591 1730
3325.00 - 3374.99 716 1090 1314 1468 1615 1755
3375.00 - 3424.99 727 1106 1333 1489 1638 1780
3425.00 - 3474.99 737 1122 1352 1510 1661 1806
3475.00 - 3524.99 748 1138 1371 1532 1685 1831
3525.00 - 3574.99 759 1154 1390 1553 1708 1857
3575.00 - 3624.99 769 1170 1409 1574 1731 1882
3625.00 - 3674.99 780 1186 1428 1595 1755 1907
3675.00 - 3724.99 790 1201 1447 1617 1778 1933
3725.00 - 3774.99 801 1217 1466 1638 1802 1958
3775.00 - 3824.99 811 1233 1485 1659 1825 1984
3825.00 - 3874.99 818 1243 1496 1671 1838 1998
3875.00 - 3924.99 824 1251 1505 1681 1849 2010
3925.00 - 3974.99 830 1260 1514 1691 1861 2022
3975.00 - 4024.99 836 1268 1524 1702 1872 2035
4025.00 - 4074.99 842 1277 1533 1712 1883 2047
4075.00 - 4124.99 848 1285 1542 1722 1895 2060
4125.00 - 4174.99 855 1294 1551 1733 1906 2072
4175.00 - 4224.99 861 1302 1561 1743 1917 2084
4225.00 - 4274.99 867 1311 1570 1754 1929 2097
4275.00 - 4324.99 872 1318 1578 1763 1939 2108
4325.00 - 4374.99 877 1325 1587 1772 1950 2119
4375.00 - 4424.99 882 1332 1595 1782 1960 2131
4425.00 - 4474.99 886 1340 1604 1791 1970 2142
4475.00 - 4524.99 891 1347 1612 1801 1981 2153
4525.00 - 4574.99 896 1354 1620 1810 1991 2164
4575.00 - 4624.99 901 1361 1629 1820 2001 2176
4625.00 - 4674.99 906 1369 1637 1829 2012 2187
4675.00 - 4724.99 911 1376 1646 1838 2022 2198
4725.00 - 4774.99 916 1383 1654 1848 2033 2209
4775.00 - 4824.99 921 1390 1663 1857 2043 2221
4825.00 - 4874.99 926 1398 1671 1867 2053 2232
4875.00 - 4924.99 931 1405 1679 1876 2064 2243
4925.00 - 4974.99 936 1413 1690 1887 2076 2257
4975.00 - 5024.99 943 1423 1701 1901 2091 2273
5025.00 - 5074.99 949 1433 1713 1914 2105 2288
5075.00 - 5124.99 956 1443 1725 1927 2120 2304
5125.00 - 5174.99 962 1453 1737 1940 2134 2320
5175.00 - 5224.99 969 1462 1749 1954 2149 2336
5225.00 - 5274.99 975 1472 1761 1967 2164 2352
5275.00 - 5324.99 981 1482 1773 1980 2178 2368
5325.00 - 5374.99 988 1492 1785 1994 2193 2384
5375.00 - 5424.99 994 1502 1797 2007 2207 2400
5425.00 - 5474.99 1001 1511 1808 2020 2222 2415
5475.00 - 5524.99 1007 1521 1820 2033 2237 2431
5525.00 - 5574.99 1013 1531 1832 2047 2251 2447
5575.00 - 5624.99 1020 1541 1844 2060 2266 2463
5625.00 - 5674.99 1024 1546 1850 2066 2272 2470
5675.00 - 5724.99 1028 1552 1855 2072 2279 2478
5725.00 - 5774.99 1032 1557 1861 2079 2286 2485
5775.00 - 5824.99 1036 1563 1867 2085 2293 2493
5825.00 - 5874.99 1040 1568 1872 2091 2300 2500
5875.00 - 5924.99 1045 1574 1878 2098 2307 2508
5925.00 - 5974.99 1049 1579 1884 2104 2314 2516
5975.00 - 6024.99 1053 1585 1889 2110 2321 2523
6025.00 - 6074.99 1057 1590 1895 2116 2328 2530
6075.00 - 6124.99 1058 1592 1897 2119 2331 2534
6125.00 - 6174.99 1060 1594 1899 2122 2334 2537
6175.00 - 6224.99 1062 1597 1902 2124 2337 2540
6225.00 - 6274.99 1063 1599 1904 2127 2340 2543
6275.00 - 6324.99 1065 1601 1907 2130 2343 2547
6325.00 - 6374.99 1066 1603 1909 2133 2346 2550
6375.00 - 6424.99 1068 1606 1912 2135 2349 2553
6425.00 - 6474.99 1070 1608 1914 2138 2352 2556
6475.00 - 6524.99 1072 1611 1918 2142 2356 2561
6525.00 - 6574.99 1078 1621 1929 2155 2371 2577
6575.00 - 6624.99 1085 1630 1941 2168 2385 2593
6625.00 - 6674.99 1091 1640 1953 2181 2400 2608
6675.00 - 6724.99 1097 1650 1965 2195 2414 2624
6725.00 - 6774.99 1104 1660 1976 2208 2429 2640
6775.00 - 6824.99 1110 1669 1988 2221 2443 2655
6825.00 - 6874.99 1117 1679 2000 2234 2457 2671
6875.00 - 6924.99 1123 1689 2012 2247 2472 2687
6925.00 - 6974.99 1129 1698 2023 2260 2486 2703
6975.00 - 7024.99 1136 1708 2035 2273 2501 2718
7025.00 - 7074.99 1142 1718 2047 2286 2515 2734
7075.00 - 7124.99 1148 1728 2059 2300 2530 2750
7125.00 - 7174.99 1155 1737 2070 2313 2544 2765
7175.00 - 7224.99 1161 1747 2083 2326 2559 2782
7225.00 - 7274.99 1168 1758 2095 2340 2574 2798
7275.00 - 7324.99 1175 1768 2107 2354 2589 2814
7325.00 - 7374.99 1181 1778 2119 2367 2604 2831
7375.00 - 7424.99 1188 1788 2132 2381 2619 2847
7425.00 - 7474.99 1195 1798 2144 2395 2634 2863
7475.00 - 7524.99 1201 1808 2156 2408 2649 2880
7525.00 - 7574.99 1208 1818 2168 2422 2664 2896
7575.00 - 7624.99 1215 1829 2181 2436 2679 2912
7625.00 - 7674.99 1221 1839 2193 2449 2694 2929
7675.00 - 7724.99 1228 1849 2205 2463 2709 2945
7725.00 - 7774.99 1235 1859 2217 2477 2725 2962
7775.00 - 7824.99 1241 1869 2230 2491 2740 2978
7825.00 - 7874.99 1248 1878 2241 2503 2753 2992
7875.00 - 7924.99 1252 1885 2248 2511 2762 3002
7925.00 - 7974.99 1257 1891 2255 2519 2770 3011
7975.00 - 8024.99 1261 1898 2262 2526 2779 3021
8025.00 - 8074.99 1266 1904 2269 2534 2788 3030
8075.00 - 8124.99 1271 1911 2276 2542 2796 3040
8125.00 - 8174.99 1275 1917 2283 2550 2805 3049
8175.00 - 8224.99 1280 1924 2290 2558 2814 3059
8225.00 - 8274.99 1285 1930 2297 2566 2823 3068
8275.00 - 8324.99 1289 1937 2304 2574 2831 3078
8325.00 - 8374.99 1294 1943 2311 2582 2840 3087
8375.00 - 8424.99 1299 1950 2318 2590 2849 3097
8425.00 - 8474.99 1303 1956 2326 2598 2857 3106
8475.00 - 8524.99 1308 1963 2333 2606 2866 3116
8525.00 - 8574.99 1312 1969 2340 2614 2876 3126
8575.00 - 8624.99 1317 1976 2348 2623 2885 3136
8625.00 - 8674.99 1322 1983 2356 2632 2895 3147
8675.00 - 8724.99 1326 1990 2364 2640 2904 3157
8725.00 - 8774.99 1331 1996 2372 2649 2914 3168
8775.00 - 8824.99 1336 2003 2379 2658 2924 3178
8825.00 - 8874.99 1340 2010 2387 2667 2933 3188
8875.00 - 8924.99 1345 2017 2395 2675 2943 3199
8925.00 - 8974.99 1350 2024 2403 2684 2952 3209
8975.00 - 9024.99 1354 2030 2411 2693 2962 3220
9025.00 - 9074.99 1359 2037 2419 2702 2972 3230
9075.00 - 9124.99 1364 2044 2426 2710 2981 3241
9125.00 - 9174.99 1368 2051 2434 2719 2991 3251
9175.00 - 9224.99 1373 2057 2442 2728 3001 3262
9225.00 - 9274.99 1378 2064 2450 2736 3010 3272
9275.00 - 9324.99 1382 2071 2458 2745 3020 3282
9325.00 - 9374.99 1387 2078 2465 2754 3029 3293
9375.00 - 9424.99 1392 2085 2473 2763 3039 3303
9425.00 - 9474.99 1396 2092 2483 2773 3051 3316
9475.00 - 9524.99 1400 2099 2492 2784 3062 3329
9525.00 - 9574.99 1405 2107 2502 2795 3074 3342
9575.00 - 9624.99 1409 2114 2512 2806 3086 3355
9625.00 - 9674.99 1414 2121 2521 2816 3098 3367
9675.00 - 9724.99 1418 2129 2531 2827 3110 3380
9725.00 - 9774.99 1423 2136 2540 2838 3122 3393
9775.00 - 9824.99 1427 2143 2550 2848 3133 3406
9825.00 - 9874.99 1431 2151 2560 2859 3145 3419
9875.00 - 9924.99 1436 2158 2569 2870 3157 3432
9925.00 - 9974.99 1440 2165 2579 2881 3169 3444
9975.00 - 10024.99 1445 2173 2589 2891 3181 3457
10025.00 - 10074.99 1449 2180 2598 2902 3192 3470
10075.00 - 10124.99 1453 2187 2608 2913 3204 3483
10125.00 - 10174.99 1458 2195 2617 2924 3216 3496
10175.00 - 10224.99 1462 2202 2627 2934 3228 3509
10225.00 - 10274.99 1467 2209 2637 2945 3240 3522
10275.00 - 10324.99 1471 2217 2646 2956 3251 3534
10325.00 - 10374.99 1477 2224 2654 2965 3261 3545
10375.00 - 10424.99 1482 2232 2662 2973 3271 3555
10425.00 - 10474.99 1488 2239 2670 2982 3280 3566
10475.00 - 10524.99 1493 2246 2677 2991 3290 3576
10525.00 - 10574.99 1499 2254 2685 2999 3299 3586
10575.00 - 10624.99 1504 2261 2693 3008 3309 3597
10625.00 - 10674.99 1510 2269 2701 3017 3319 3607
10675.00 - 10724.99 1515 2276 2709 3026 3328 3618
10725.00 - 10774.99 1520 2283 2716 3034 3338 3628
10775.00 - 10824.99 1526 2291 2724 3043 3347 3638
10825.00 - 10874.99 1531 2298 2732 3052 3357 3649
10875.00 - 10924.99 1537 2306 2740 3060 3366 3659
10925.00 - 10974.99 1542 2313 2748 3069 3376 3670
10975.00 - 11024.99 1548 2320 2755 3078 3386 3680
11025.00 - 11074.99 1553 2328 2763 3087 3395 3691
11075.00 - 11124.99 1559 2335 2771 3095 3405 3701
11125.00 - 11174.99 1564 2343 2779 3104 3414 3711
11175.00 - 11224.99 1569 2350 2786 3112 3424 3721
11225.00 - 11274.99 1572 2353 2791 3117 3429 3727
11275.00 - 11324.99 1574 2357 2795 3122 3434 3733
11325.00 - 11374.99 1576 2360 2799 3127 3440 3739
11375.00 - 11424.99 1579 2364 2804 3132 3445 3745
11425.00 - 11474.99 1581 2368 2808 3137 3450 3751
11475.00 - 11524.99 1583 2371 2813 3142 3456 3756
11525.00 - 11574.99 1586 2375 2817 3147 3461 3762
11575.00 - 11624.99 1588 2378 2821 3151 3467 3768
11625.00 - 11674.99 1590 2382 2826 3156 3472 3774
11675.00 - 11724.99 1593 2386 2830 3161 3477 3780
11725.00 - 11774.99 1595 2389 2834 3166 3483 3786
11775.00 - 11824.99 1597 2393 2839 3171 3488 3792
11825.00 - 11874.99 1600 2396 2843 3176 3493 3797
11875.00 - 11924.99 1602 2400 2848 3181 3499 3803
11925.00 - 11974.99 1604 2404 2852 3186 3504 3809
11975.00 - 12024.99 1607 2407 2856 3191 3510 3815
12025.00 - 12074.99 1609 2411 2861 3195 3515 3821
12075.00 - 12124.99 1611 2414 2865 3200 3520 3827
12125.00 - 12174.99 1614 2418 2870 3205 3526 3833
12175.00 - 12224.99 1616 2422 2874 3210 3531 3838
12225.00 - 12274.99 1618 2425 2878 3215 3537 3844
12275.00 - 12324.99 1621 2429 2883 3220 3542 3850
12325.00 - 12374.99 1623 2432 2887 3225 3547 3856
12375.00 - 12424.99 1625 2436 2891 3230 3553 3862
12425.00 - 12474.99 1628 2439 2896 3235 3558 3868
12475.00 - 12524.99 1630 2443 2900 3240 3563 3874
12525.00 - 12574.99 1633 2447 2905 3245 3569 3880
12575.00 - 12624.99 1637 2452 2910 3251 3576 3887
12625.00 - 12674.99 1640 2457 2916 3257 3583 3894
12675.00 - 12724.99 1644 2462 2921 3263 3590 3902
12725.00 - 12774.99 1648 2468 2927 3269 3596 3909
12775.00 - 12824.99 1652 2473 2933 3276 3603 3917
12825.00 - 12874.99 1655 2478 2938 3282 3610 3924
12875.00 - 12924.99 1659 2483 2944 3288 3617 3931
12925.00 - 12974.99 1663 2488 2949 3294 3624 3939
12975.00 - 13024.99 1667 2493 2955 3300 3630 3946
13025.00 - 13074.99 1670 2499 2960 3307 3637 3954
13075.00 - 13124.99 1674 2504 2966 3313 3644 3961
13125.00 - 13174.99 1678 2509 2971 3319 3651 3968
13175.00 - 13224.99 1682 2514 2977 3325 3658 3976
13225.00 - 13274.99 1685 2519 2982 3331 3664 3983
13275.00 - 13324.99 1689 2524 2988 3337 3671 3991
13325.00 - 13374.99 1693 2530 2993 3344 3678 3998
13375.00 - 13424.99 1697 2535 2999 3350 3685 4005
13425.00 - 13474.99 1700 2540 3004 3356 3692 4013
13475.00 - 13524.99 1704 2545 3010 3362 3698 4020
13525.00 - 13574.99 1708 2550 3016 3368 3705 4028
13575.00 - 13624.99 1712 2555 3021 3375 3712 4035
13625.00 - 13674.99 1715 2560 3027 3381 3719 4042
13675.00 - 13724.99 1719 2566 3032 3387 3726 4050
13725.00 - 13774.99 1723 2571 3038 3393 3732 4057
13775.00 - 13824.99 1727 2576 3043 3399 3739 4064
13825.00 - 13874.99 1731 2581 3049 3405 3746 4072
13875.00 - 13924.99 1734 2586 3054 3412 3753 4079
13925.00 - 13974.99 1738 2591 3060 3418 3760 4087
13975.00 - 14024.99 1742 2597 3065 3424 3766 4094
14025.00 - 14074.99 1746 2602 3071 3430 3773 4101
14075.00 - 14124.99 1749 2607 3076 3436 3780 4109
14125.00 - 14174.99 1753 2612 3082 3442 3787 4116
14175.00 - 14224.99 1757 2617 3087 3449 3794 4124
14225.00 - 14274.99 1761 2622 3093 3455 3800 4131
14275.00 - 14324.99 1764 2628 3098 3461 3807 4138
14325.00 - 14374.99 1768 2633 3104 3467 3814 4146
14375.00 - 14424.99 1772 2638 3110 3473 3821 4153
14425.00 - 14474.99 1776 2643 3115 3480 3828 4161
14475.00 - 14524.99 1779 2648 3121 3486 3834 4168
14525.00 - 14574.99 1783 2653 3126 3492 3841 4175
14575.00 - 14624.99 1786 2658 3133 3499 3849 4184
14625.00 - 14674.99 1789 2663 3139 3506 3857 4192
14675.00 - 14724.99 1793 2668 3145 3513 3865 4201
14725.00 - 14774.99 1796 2673 3152 3521 3873 4210
14775.00 - 14824.99 1799 2679 3158 3528 3881 4218
14825.00 - 14874.99 1802 2684 3165 3535 3889 4227
14875.00 - 14924.99 1805 2689 3171 3542 3896 4235
14925.00 - 14974.99 1808 2694 3178 3549 3904 4244
14975.00 - 15024.99 1811 2699 3184 3557 3912 4253
15025.00 - 15074.99 1814 2704 3190 3564 3920 4261
15075.00 - 15124.99 1818 2709 3197 3571 3928 4270
15125.00 - 15174.99 1821 2714 3203 3578 3936 4278
15175.00 - 15224.99 1824 2719 3210 3585 3944 4287
15225.00 - 15274.99 1827 2724 3216 3593 3952 4296
15275.00 - 15324.99 1830 2729 3223 3600 3960 4304
15325.00 - 15374.99 1833 2734 3229 3607 3968 4313
15375.00 - 15424.99 1836 2739 3236 3614 3976 4321
15425.00 - 15474.99 1839 2744 3242 3621 3983 4330
15475.00 - 15524.99 1843 2749 3248 3629 3991 4339
15525.00 - 15574.99 1846 2754 3255 3636 3999 4347
15575.00 - 15624.99 1849 2759 3261 3643 4007 4356
15625.00 - 15674.99 1852 2764 3268 3650 4015 4364
15675.00 - 15724.99 1855 2769 3274 3657 4023 4373
15725.00 - 15774.99 1858 2774 3281 3664 4031 4382
15775.00 - 15824.99 1861 2779 3287 3672 4039 4390
15825.00 - 15874.99 1864 2784 3294 3679 4047 4399
15875.00 - 15924.99 1868 2789 3300 3686 4055 4407
15925.00 - 15974.99 1871 2795 3306 3693 4063 4416
15975.00 - 16024.99 1874 2800 3313 3700 4071 4425
16025.00 - 16074.99 1877 2805 3319 3708 4078 4433
16075.00 - 16124.99 1880 2810 3326 3715 4086 4442
16125.00 - 16174.99 1883 2815 3332 3722 4094 4450
16175.00 - 16224.99 1886 2820 3339 3729 4102 4459
16225.00 - 16274.99 1889 2825 3345 3736 4110 4468
16275.00 - 16324.99 1893 2830 3352 3744 4118 4476
16325.00 - 16374.99 1896 2835 3358 3751 4126 4485
16375.00 - 16424.99 1899 2840 3364 3758 4134 4493
16425.00 - 16474.99 1902 2845 3371 3765 4142 4502
16475.00 - 16524.99 1905 2850 3377 3772 4150 4511
16525.00 - 16574.99 1908 2855 3384 3780 4158 4519
16575.00 - 16624.99 1911 2860 3390 3787 4165 4528
16625.00 - 16674.99 1914 2865 3397 3794 4173 4536
16675.00 - 16724.99 1917 2870 3403 3801 4181 4545
16725.00 - 16774.99 1921 2875 3409 3808 4189 4554
16775.00 - 16824.99 1924 2880 3416 3816 4197 4562
16825.00 - 16874.99 1927 2885 3422 3823 4205 4571
16875.00 - 16924.99 1930 2890 3429 3830 4213 4579
16925.00 - 16974.99 1933 2895 3435 3837 4221 4588
16975.00 - 17024.99 1936 2900 3442 3844 4229 4597
17025.00 - 17074.99 1939 2905 3448 3852 4237 4605
17075.00 - 17124.99 1942 2910 3455 3859 4245 4614
17125.00 - 17174.99 1946 2916 3461 3866 4253 4622
17175.00 - 17224.99 1949 2921 3467 3873 4260 4631
17225.00 - 17274.99 1952 2926 3474 3880 4268 4640
17275.00 - 17324.99 1955 2931 3480 3888 4276 4648
17325.00 - 17374.99 1958 2936 3487 3895 4284 4657
17375.00 - 17424.99 1961 2941 3493 3902 4292 4665
17425.00 - 17474.99 1964 2946 3500 3909 4300 4674
17475.00 - 17524.99 1967 2951 3506 3916 4308 4683
17525.00 - 17574.99 1971 2956 3513 3923 4316 4691
17575.00 - 17624.99 1974 2961 3519 3931 4324 4700
17625.00 - 17674.99 1977 2966 3525 3938 4332 4709
17675.00 - 17724.99 1980 2971 3532 3945 4340 4717
17725.00 - 17774.99 1983 2976 3538 3952 4347 4726
17775.00 - 17824.99 1986 2981 3545 3959 4355 4734
17825.00 - 17874.99 1989 2986 3551 3967 4363 4743
17875.00 - 17924.99 1992 2991 3558 3974 4371 4752
17925.00 - 17974.99 1996 2996 3564 3981 4379 4760
17975.00 - 18024.99 1999 3001 3570 3988 4387 4769
18025.00 - 18074.99 2002 3006 3577 3995 4395 4777
18075.00 - 18124.99 2005 3011 3583 4003 4403 4786
18125.00 - 18174.99 2008 3016 3590 4010 4411 4795
18175.00 - 18224.99 2011 3021 3596 4017 4419 4803
18225.00 - 18274.99 2014 3026 3603 4024 4427 4812
18275.00 - 18324.99 2017 3032 3609 4031 4435 4820
18325.00 - 18374.99 2021 3037 3616 4039 4442 4829
18375.00 - 18424.99 2024 3042 3622 4046 4450 4838
18425.00 - 18474.99 2027 3047 3628 4053 4458 4846
18475.00 - 18524.99 2030 3052 3635 4060 4466 4855
18525.00 - 18574.99 2033 3057 3641 4067 4474 4863
18575.00 - 18624.99 2035 3059 3644 4071 4478 4867
18625.00 - 18674.99 2036 3060 3644 4071 4478 4868
18675.00 - 18724.99 2037 3061 3645 4071 4478 4868
18725.00 - 18774.99 2037 3061 3645 4071 4478 4868
18775.00 - 18824.99 2038 3062 3645 4071 4478 4868
18825.00 - 18874.99 2039 3063 3645 4071 4479 4868
18875.00 - 18924.99 2040 3064 3645 4072 4479 4868
18925.00 - 18974.99 2041 3064 3645 4072 4479 4869
18975.00 - 19024.99 2042 3065 3645 4072 4479 4869
19025.00 - 19074.99 2042 3066 3645 4072 4479 4869
19075.00 - 19124.99 2043 3066 3646 4072 4479 4869
19125.00 - 19174.99 2044 3067 3646 4072 4479 4869
19175.00 - 19224.99 2045 3068 3646 4072 4480 4869
19225.00 - 19274.99 2046 3068 3646 4072 4480 4869
19275.00 - 19324.99 2047 3069 3646 4073 4480 4870
19325.00 - 19374.99 2047 3070 3646 4073 4480 4870
19375.00 - 19424.99 2048 3070 3646 4073 4480 4870
19425.00 - 19474.99 2049 3071 3646 4073 4480 4870
19475.00 - 19524.99 2050 3072 3646 4073 4480 4870
19525.00 - 19574.99 2051 3072 3647 4073 4481 4870
19575.00 - 19624.99 2051 3073 3647 4073 4481 4871
19625.00 - 19674.99 2052 3074 3647 4074 4481 4871
19675.00 - 19724.99 2053 3074 3647 4074 4481 4871
19725.00 - 19774.99 2054 3075 3647 4074 4481 4871
19775.00 - 19824.99 2055 3076 3647 4074 4481 4871
19825.00 - 19874.99 2056 3076 3647 4074 4481 4871
19875.00 - 19924.99 2056 3077 3647 4074 4482 4871
19925.00 - 19974.99 2057 3078 3648 4074 4482 4872
19975.00 - 20024.99 2058 3078 3648 4074 4482 4872
20025.00 - 20074.99 2059 3079 3648 4075 4482 4872
20075.00 - 20124.99 2060 3080 3648 4075 4482 4872
20125.00 - 20174.99 2061 3080 3648 4075 4482 4872
20175.00 - 20224.99 2061 3081 3648 4075 4482 4872
20225.00 - 20274.99 2062 3082 3648 4075 4483 4873
20275.00 - 20324.99 2063 3082 3648 4075 4483 4873
20325.00 - 20374.99 2064 3083 3648 4075 4483 4873
20375.00 - 20424.99 2065 3084 3649 4075 4483 4873
20425.00 - 20474.99 2065 3084 3649 4076 4483 4873
20475.00 - 20524.99 2066 3085 3649 4076 4483 4873
20525.00 - 20574.99 2067 3086 3649 4076 4483 4874
20575.00 - 20624.99 2068 3087 3649 4076 4484 4874
20625.00 - 20674.99 2069 3087 3649 4076 4484 4874
20675.00 - 20724.99 2070 3088 3649 4076 4484 4874
20725.00 - 20774.99 2070 3089 3649 4076 4484 4874
20775.00 - 20824.99 2071 3089 3650 4077 4484 4874
20825.00 - 20874.99 2072 3090 3650 4077 4484 4874
20875.00 - 20924.99 2073 3091 3650 4077 4484 4875
20925.00 - 20974.99 2074 3091 3650 4077 4485 4875
20975.00 - 21024.99 2075 3092 3650 4077 4485 4875
21025.00 - 21074.99 2075 3093 3650 4077 4485 4875
21075.00 - 21124.99 2076 3093 3650 4077 4485 4875
21125.00 - 21174.99 2077 3094 3650 4077 4485 4875
21175.00 - 21224.99 2078 3095 3650 4078 4485 4876
21225.00 - 21274.99 2079 3095 3651 4078 4485 4876
21275.00 - 21324.99 2080 3096 3651 4078 4486 4876
21325.00 - 21374.99 2080 3097 3651 4078 4486 4876
21375.00 - 21424.99 2081 3097 3651 4078 4486 4876
21425.00 - 21474.99 2082 3098 3651 4078 4486 4876
21475.00 - 21524.99 2083 3099 3651 4078 4486 4877
21525.00 - 21574.99 2084 3099 3651 4078 4486 4877
21575.00 - 21624.99 2084 3100 3651 4079 4486 4877
21625.00 - 21674.99 2085 3101 3652 4079 4487 4877
21675.00 - 21724.99 2086 3101 3652 4079 4487 4877
21725.00 - 21774.99 2087 3102 3652 4079 4487 4877
21775.00 - 21824.99 2088 3103 3652 4079 4487 4877
21825.00 - 21874.99 2089 3103 3652 4079 4487 4878
21875.00 - 21924.99 2089 3104 3652 4079 4487 4878
21925.00 - 21974.99 2090 3105 3652 4080 4488 4878
21975.00 - 22024.99 2091 3105 3652 4080 4488 4878
22025.00 - 22074.99 2092 3106 3652 4080 4488 4878
22075.00 - 22124.99 2093 3107 3653 4080 4488 4878
22125.00 - 22174.99 2094 3107 3653 4080 4488 4879
22175.00 - 22224.99 2094 3108 3653 4080 4488 4879
22225.00 - 22274.99 2095 3109 3653 4080 4488 4879
22275.00 - 22324.99 2096 3110 3653 4080 4489 4879
22325.00 - 22374.99 2097 3110 3653 4081 4489 4879
22375.00 - 22424.99 2098 3111 3653 4081 4489 4879
22425.00 - 22474.99 2098 3112 3653 4081 4489 4879
22475.00 - 22524.99 2099 3112 3654 4081 4489 4880
22525.00 - 22574.99 2100 3113 3654 4081 4489 4880
22575.00 - 22624.99 2101 3114 3654 4081 4489 4880
22625.00 - 22674.99 2102 3114 3654 4081 4490 4880
22675.00 - 22724.99 2103 3115 3654 4082 4490 4880
22725.00 - 22774.99 2103 3116 3654 4082 4490 4880
22775.00 - 22824.99 2104 3117 3655 4083 4491 4882
22825.00 - 22874.99 2106 3118 3657 4085 4493 4884
22875.00 - 22924.99 2107 3120 3658 4086 4495 4886
22925.00 - 22974.99 2108 3122 3660 4088 4497 4888
22975.00 - 23024.99 2109 3123 3662 4090 4499 4891
23025.00 - 23074.99 2111 3125 3664 4092 4501 4893
23075.00 - 23124.99 2112 3127 3665 4094 4504 4895
23125.00 - 23174.99 2113 3128 3667 4096 4506 4898
23175.00 - 23224.99 2114 3130 3669 4098 4508 4900
23225.00 - 23274.99 2116 3132 3670 4100 4510 4902
23275.00 - 23324.99 2117 3133 3672 4102 4512 4905
23325.00 - 23374.99 2118 3135 3674 4104 4514 4907
23375.00 - 23424.99 2119 3137 3676 4106 4516 4909
23425.00 - 23474.99 2121 3138 3677 4108 4518 4911
23475.00 - 23524.99 2122 3140 3679 4109 4520 4914
23525.00 - 23574.99 2123 3142 3681 4111 4523 4916
23575.00 - 23624.99 2125 3143 3682 4113 4525 4918
23625.00 - 23674.99 2126 3145 3684 4115 4527 4921
23675.00 - 23724.99 2127 3147 3686 4117 4529 4923
23725.00 - 23774.99 2128 3148 3688 4119 4531 4925
23775.00 - 23824.99 2130 3150 3689 4121 4533 4927
23825.00 - 23874.99 2131 3152 3691 4123 4535 4930
23875.00 - 23924.99 2132 3153 3693 4125 4537 4932
23925.00 - 23974.99 2133 3155 3695 4127 4539 4934
23975.00 - 24024.99 2135 3157 3696 4129 4542 4937
24025.00 - 24074.99 2136 3158 3698 4131 4544 4939
24075.00 - 24124.99 2137 3160 3700 4133 4546 4941
24125.00 - 24174.99 2138 3162 3701 4134 4548 4944
24175.00 - 24224.99 2140 3163 3703 4136 4550 4946
24225.00 - 24274.99 2141 3165 3705 4138 4552 4948
24275.00 - 24324.99 2142 3167 3707 4140 4554 4950
24325.00 - 24374.99 2143 3168 3708 4142 4556 4953
24375.00 - 24424.99 2145 3170 3710 4144 4558 4955
24425.00 - 24474.99 2146 3172 3712 4146 4561 4957
24475.00 - 24524.99 2147 3173 3713 4148 4563 4960
24525.00 - 24574.99 2148 3175 3715 4150 4565 4962
24575.00 - 24624.99 2150 3177 3717 4152 4567 4964
24625.00 - 24674.99 2151 3178 3719 4154 4569 4966
24675.00 - 24724.99 2152 3180 3720 4156 4571 4969
24725.00 - 24774.99 2153 3182 3722 4157 4573 4971
24775.00 - 24824.99 2155 3183 3724 4159 4575 4973
24825.00 - 24874.99 2156 3185 3725 4161 4577 4976
24875.00 - 24924.99 2157 3187 3727 4163 4580 4978
24925.00 - 24974.99 2158 3188 3729 4165 4582 4980
24975.00 - 25024.99 2160 3190 3731 4167 4584 4983
25025.00 - 25074.99 2161 3192 3732 4169 4586 4985
25075.00 - 25124.99 2162 3193 3734 4171 4588 4987
25125.00 - 25174.99 2163 3195 3736 4173 4590 4989
25175.00 - 25224.99 2165 3197 3737 4175 4592 4992
25225.00 - 25274.99 2166 3198 3739 4177 4594 4994
25275.00 - 25324.99 2167 3200 3741 4179 4596 4996
25325.00 - 25374.99 2168 3201 3742 4180 4598 4998
25375.00 - 25424.99 2169 3202 3743 4181 4599 4999
25425.00 - 25474.99 2170 3203 3744 4182 4600 5000
25475.00 - 25524.99 2170 3204 3744 4182 4601 5001
25525.00 - 25574.99 2171 3205 3745 4183 4602 5002
25575.00 - 25624.99 2172 3206 3746 4184 4603 5003
25625.00 - 25674.99 2173 3207 3747 4185 4604 5004
25675.00 - 25724.99 2174 3208 3748 4186 4605 5006
25725.00 - 25774.99 2174 3209 3749 4187 4606 5007
25775.00 - 25824.99 2175 3210 3749 4188 4607 5008
25825.00 - 25874.99 2176 3211 3750 4189 4608 5009
25875.00 - 25924.99 2177 3212 3751 4190 4609 5010
25925.00 - 25974.99 2178 3213 3752 4191 4610 5011
25975.00 - 26024.99 2178 3213 3753 4192 4611 5012
26025.00 - 26074.99 2179 3214 3754 4193 4612 5013
26075.00 - 26124.99 2180 3215 3755 4194 4613 5015
26125.00 - 26174.99 2181 3216 3755 4195 4614 5016
26175.00 - 26224.99 2181 3217 3756 4196 4615 5017
26225.00 - 26274.99 2182 3218 3757 4197 4616 5018
26275.00 - 26324.99 2183 3219 3758 4198 4617 5019
26325.00 - 26374.99 2184 3220 3759 4199 4618 5020
26375.00 - 26424.99 2185 3221 3760 4200 4619 5021
26425.00 - 26474.99 2185 3222 3760 4200 4621 5022
26475.00 - 26524.99 2186 3223 3761 4201 4622 5024
26525.00 - 26574.99 2187 3224 3762 4202 4623 5025
26575.00 - 26624.99 2188 3225 3763 4203 4624 5026
26625.00 - 26674.99 2189 3226 3764 4204 4625 5027
26675.00 - 26724.99 2189 3227 3765 4205 4626 5028
26725.00 - 26774.99 2190 3228 3766 4206 4627 5029
26775.00 - 26824.99 2191 3229 3766 4207 4628 5030
26825.00 - 26874.99 2192 3230 3767 4208 4629 5032
26875.00 - 26924.99 2193 3231 3768 4209 4630 5033
26925.00 - 26974.99 2193 3232 3769 4210 4631 5034
26975.00 - 27024.99 2194 3232 3770 4211 4632 5035
27025.00 - 27074.99 2195 3233 3771 4212 4633 5036
27075.00 - 27124.99 2196 3234 3771 4213 4634 5037
27125.00 - 27174.99 2196 3235 3772 4214 4635 5038
27175.00 - 27224.99 2197 3236 3773 4215 4636 5039
27225.00 - 27274.99 2198 3237 3774 4216 4637 5041
27275.00 - 27324.99 2199 3238 3775 4217 4638 5042
27325.00 - 27374.99 2200 3239 3776 4217 4639 5043
27375.00 - 27424.99 2200 3240 3777 4218 4640 5044
27425.00 - 27474.99 2201 3241 3777 4219 4641 5045
27475.00 - 27524.99 2202 3242 3778 4220 4642 5046
27525.00 - 27574.99 2203 3243 3779 4221 4643 5047
27575.00 - 27624.99 2204 3244 3780 4222 4644 5048
27625.00 - 27674.99 2204 3245 3781 4223 4645 5050
27675.00 - 27724.99 2205 3246 3782 4224 4647 5051
27725.00 - 27774.99 2206 3247 3782 4225 4648 5052
27775.00 - 27824.99 2207 3248 3783 4226 4649 5053
27825.00 - 27874.99 2208 3249 3784 4227 4650 5054
27875.00 - 27924.99 2208 3250 3785 4228 4651 5055
27925.00 - 27974.99 2209 3251 3786 4229 4652 5056
27975.00 - 28024.99 2210 3251 3787 4230 4653 5058
28025.00 - 28074.99 2211 3252 3788 4231 4654 5059
28075.00 - 28124.99 2211 3253 3788 4232 4655 5060
28125.00 - 28174.99 2212 3254 3789 4233 4656 5061
28175.00 - 28224.99 2213 3255 3790 4234 4657 5062
28225.00 - 28274.99 2214 3256 3791 4235 4658 5063
28275.00 - 28324.99 2215 3257 3792 4235 4659 5064
28325.00 - 28374.99 2215 3258 3793 4236 4660 5065
28375.00 - 28424.99 2216 3259 3793 4237 4661 5067
28425.00 - 28474.99 2217 3260 3794 4238 4662 5068
28475.00 - 28524.99 2218 3261 3795 4239 4663 5069
28525.00 - 28574.99 2219 3262 3796 4240 4664 5070
28575.00 - 28624.99 2219 3263 3797 4241 4665 5071
28625.00 - 28674.99 2220 3264 3798 4242 4666 5072
28675.00 - 28724.99 2221 3265 3799 4243 4667 5073
28725.00 - 28774.99 2222 3266 3799 4244 4668 5075
28775.00 - 28824.99 2223 3267 3800 4245 4669 5076
28825.00 - 28874.99 2223 3268 3801 4246 4670 5077
28875.00 - 28924.99 2224 3269 3802 4247 4671 5078
28925.00 - 28974.99 2225 3270 3803 4248 4673 5079
28975.00 - 29024.99 2226 3270 3804 4249 4674 5080
29025.00 - 29074.99 2226 3271 3805 4250 4675 5081
29075.00 - 29124.99 2227 3272 3805 4251 4676 5082
29125.00 - 29174.99 2228 3273 3806 4252 4677 5084
29175.00 - 29224.99 2229 3274 3807 4252 4678 5085
29225.00 - 29274.99 2230 3275 3808 4253 4679 5086
29275.00 - 29324.99 2230 3276 3809 4254 4680 5087
29325.00 - 29374.99 2231 3277 3810 4255 4681 5088
29375.00 - 29424.99 2232 3278 3810 4256 4682 5089
29425.00 - 29474.99 2233 3279 3811 4257 4683 5090
29475.00 - 29524.99 2234 3280 3812 4258 4684 5091
29525.00 - 29574.99 2234 3281 3813 4259 4685 5093
29575.00 - 29624.99 2235 3282 3814 4260 4686 5094
29625.00 - 29674.99 2236 3283 3815 4261 4687 5095
29675.00 - 29724.99 2237 3284 3816 4262 4688 5096
29725.00 - 29774.99 2238 3285 3816 4263 4689 5097
29775.00 - 29824.99 2238 3286 3817 4264 4690 5098
29825.00 - 29874.99 2239 3287 3818 4265 4691 5099
29875.00 - 29924.99 2240 3288 3819 4266 4692 5101
29925.00 - 29974.99 2241 3289 3820 4267 4693 5102
29975.00 - 30024.99 2241 3289 3821 4268 4694 5103